5.46555e+06
5.00937e+06
4.35198e+06
3.78509e+06
3.15707e+06
2.63115e+06
2.18459e+06
1.72557e+06
1.40572e+06
1.15608e+06
1.02748e+06
843251
791451
805589
717560
688064
701571
689352
651332
668034
658120
623360
622038
625241
667399
638298
623500
663204
617450
600413
632494
615104
612755
606849
595485
597193
609101
618963
609014
607845
600475
635366
575571
594534
615856
586571
602512
600560
582165
610769
604328
574521
618660
603531
592219
607255
598603
584366
605392
604056
593750
604536
581143
592434
597707
586364
602928
587059
568919
554455
560679
594016
575619
568657
592179
615958
572719
588540
565757
588175
573636
577557
596574
592929
564153
590563
605753
584631
582280
624619
558852
576728
598143
596905
596310
568094
579654
579281
610699
584325
