5.46014e+06
5.09313e+06
4.57672e+06
4.05948e+06
3.84793e+06
3.20052e+06
3.14944e+06
2.45342e+06
2.07521e+06
1.77355e+06
1.58451e+06
1.30489e+06
1.2066e+06
1.02843e+06
912104
844750
800894
788110
739589
783559
720672
687923
668927
726522
731802
689152
639970
674304
669086
624761
647562
650668
671388
609712
637121
636589
664868
661645
617046
630798
649795
661326
643804
615243
623946
641452
673263
655940
622448
616429
625057
610402
656785
647070
625427
647862
613500
620351
611549
602013
604052
620856
624970
602180
592311
638938
611298
604520
605081
614421
618093
623302
647773
594339
611562
619633
587693
599335
598364
597076
605906
647562
651187
656186
600257
602794
623094
647341
617545
612944
616784
656602
604497
598470
637258
584629
639404
613256
629208
670578
