2.31039e+06
2.27203e+06
2.12094e+06
2.0543e+06
1.94959e+06
1.90905e+06
1.89788e+06
1.89358e+06
1.87662e+06
1.82354e+06
1.8265e+06
1.87537e+06
1.82079e+06
1.73806e+06
1.81477e+06
1.75246e+06
1.80282e+06
1.72555e+06
1.72702e+06
1.73077e+06
1.73453e+06
1.6924e+06
1.69751e+06
1.71565e+06
1.66692e+06
1.67417e+06
1.67532e+06
1.62895e+06
1.6422e+06
1.61391e+06
1.61123e+06
1.65719e+06
1.61551e+06
1.58495e+06
1.57675e+06
1.62648e+06
1.5886e+06
1.61031e+06
1.5494e+06
1.54282e+06
1.57434e+06
1.5359e+06
1.50813e+06
1.5957e+06
1.47977e+06
1.53914e+06
1.50453e+06
1.50585e+06
1.49096e+06
1.50672e+06
1.52004e+06
1.4669e+06
1.49716e+06
1.47215e+06
1.46286e+06
1.46705e+06
1.44775e+06
1.47954e+06
1.45344e+06
1.43625e+06
1.42988e+06
1.46236e+06
1.44288e+06
1.52415e+06
1.48174e+06
1.47093e+06
1.4192e+06
1.3996e+06
1.39986e+06
1.39567e+06
1.3999e+06
1.38906e+06
1.42302e+06
1.41005e+06
1.40497e+06
1.38689e+06
1.37857e+06
1.40297e+06
1.39451e+06
1.49308e+06
1.38089e+06
1.39577e+06
1.39015e+06
1.39024e+06
1.36743e+06
1.44499e+06
1.36812e+06
1.39643e+06
1.3649e+06
1.34041e+06
1.33223e+06
1.38041e+06
1.37809e+06
1.34657e+06
1.37723e+06
1.36655e+06
1.33569e+06
1.31244e+06
1.35177e+06
1.36143e+06
1.32733e+06
1.33986e+06
1.33159e+06
1.34739e+06
1.37116e+06
1.35169e+06
1.38668e+06
1.3281e+06
1.33725e+06
1.39272e+06
1.37112e+06
1.36343e+06
1.33782e+06
1.3384e+06
1.33447e+06
1.31832e+06
1.31466e+06
1.33954e+06
1.37598e+06
1.37376e+06
1.36305e+06
1.36342e+06
1.3289e+06
1.34477e+06
1.3047e+06
1.37192e+06
1.31652e+06
1.35089e+06
1.43214e+06
1.3389e+06
1.48586e+06
1.42871e+06
1.35495e+06
1.32868e+06
1.37897e+06
1.34309e+06
1.32462e+06
1.28068e+06
1.30398e+06
1.29353e+06
1.28861e+06
1.3222e+06
1.32028e+06
1.32569e+06
1.31327e+06
1.30318e+06
1.31048e+06
1.36294e+06
1.33994e+06
1.30827e+06
1.33134e+06
1.38151e+06
1.32214e+06
1.32523e+06
1.38229e+06
1.31502e+06
1.33283e+06
1.29727e+06
1.33012e+06
1.3101e+06
1.32285e+06
1.30819e+06
1.31642e+06
1.30807e+06
1.32032e+06
1.29557e+06
1.35178e+06
1.33865e+06
1.31895e+06
1.28717e+06
1.33735e+06
1.32126e+06
1.28547e+06
1.39771e+06
1.32443e+06
1.31693e+06
1.28917e+06
1.31913e+06
1.34365e+06
1.35352e+06
1.32637e+06
1.30843e+06
1.30399e+06
1.30453e+06
1.327e+06
1.29449e+06
1.3336e+06
1.31864e+06
1.30095e+06
1.28465e+06
1.28407e+06
1.30417e+06
1.3053e+06
1.30333e+06
1.28937e+06
1.29152e+06
1.30872e+06
1.27183e+06
1.30871e+06
1.42606e+06
1.3661e+06
1.35301e+06
1.46079e+06
1.37161e+06
1.35133e+06
1.41493e+06
1.30465e+06
1.33584e+06
1.30738e+06
1.28716e+06
1.31448e+06
1.36292e+06
1.33476e+06
1.31382e+06
1.32448e+06
1.44124e+06
1.3681e+06
1.44197e+06
1.4116e+06
1.33761e+06
