1.83855e+06
1.72305e+06
1.63721e+06
1.5807e+06
1.59656e+06
1.55353e+06
1.58045e+06
1.59497e+06
1.59197e+06
1.54703e+06
1.5937e+06
1.60327e+06
1.60757e+06
1.57449e+06
1.52862e+06
1.55587e+06
1.56002e+06
1.51613e+06
1.56436e+06
1.5808e+06
1.49385e+06
1.50062e+06
1.50582e+06
1.46488e+06
1.4324e+06
1.39441e+06
1.53189e+06
1.50575e+06
1.38366e+06
1.35078e+06
1.36059e+06
1.37198e+06
1.32555e+06
1.35712e+06
1.33472e+06
1.3521e+06
1.34401e+06
1.3225e+06
1.31612e+06
1.35089e+06
1.40755e+06
1.38209e+06
1.3433e+06
1.31908e+06
1.32178e+06
1.38947e+06
1.33113e+06
1.35148e+06
1.33166e+06
1.41221e+06
1.30954e+06
1.35009e+06
1.34543e+06
1.35231e+06
1.35091e+06
1.32591e+06
1.34401e+06
1.46748e+06
1.41424e+06
1.38815e+06
1.46055e+06
1.47065e+06
1.33946e+06
1.28606e+06
1.30355e+06
1.30957e+06
1.2579e+06
1.19102e+06
1.1624e+06
1.20648e+06
1.16622e+06
1.13335e+06
1.09084e+06
1.18411e+06
1.19764e+06
1.18905e+06
1.16327e+06
1.3341e+06
1.22941e+06
1.19465e+06
1.14701e+06
1.22298e+06
1.3463e+06
1.14725e+06
1.10438e+06
1.10652e+06
1.09105e+06
1.15558e+06
1.26299e+06
1.10493e+06
1.07733e+06
1.17878e+06
1.10729e+06
1.12673e+06
1.25263e+06
1.13207e+06
1.20511e+06
1.20366e+06
1.09762e+06
1.11222e+06
1.096e+06
1.12291e+06
1.14776e+06
1.24742e+06
1.12122e+06
1.11065e+06
1.14737e+06
1.08556e+06
1.15668e+06
1.11753e+06
1.18999e+06
1.27157e+06
1.36292e+06
1.13108e+06
1.13024e+06
1.09211e+06
1.08765e+06
1.07659e+06
1.11314e+06
1.17137e+06
1.15247e+06
1.12613e+06
1.22414e+06
1.1047e+06
1.17689e+06
1.19237e+06
1.07597e+06
1.11141e+06
1.14085e+06
1.13541e+06
1.14256e+06
1.11731e+06
1.11934e+06
1.13361e+06
1.29539e+06
1.35628e+06
1.48366e+06
1.1987e+06
1.09169e+06
1.1246e+06
1.32508e+06
1.16892e+06
1.19304e+06
1.10847e+06
1.12675e+06
1.12226e+06
1.14596e+06
1.12047e+06
1.14494e+06
1.12236e+06
1.17316e+06
1.19902e+06
1.21655e+06
1.12473e+06
1.18623e+06
1.14421e+06
1.17621e+06
1.12639e+06
1.172e+06
1.1503e+06
1.22109e+06
1.15873e+06
1.22479e+06
1.21996e+06
1.26081e+06
1.31656e+06
1.37594e+06
1.33501e+06
1.28755e+06
1.09948e+06
1.12269e+06
1.15717e+06
1.099e+06
1.14574e+06
1.15557e+06
1.26976e+06
1.20013e+06
1.10669e+06
1.19419e+06
1.13265e+06
