5.74196e+06
5.12251e+06
5.01867e+06
4.81438e+06
4.59128e+06
4.42577e+06
4.23964e+06
4.03137e+06
3.74719e+06
3.53485e+06
3.33368e+06
3.03796e+06
2.77848e+06
2.58563e+06
2.26229e+06
2.10919e+06
1.86208e+06
1.7065e+06
1.60148e+06
1.49551e+06
1.46041e+06
1.46666e+06
1.36209e+06
1.4157e+06
1.38515e+06
1.37951e+06
1.38787e+06
1.38772e+06
1.37737e+06
1.35335e+06
1.36124e+06
1.2875e+06
1.33471e+06
1.36776e+06
1.28059e+06
1.29552e+06
1.29019e+06
1.31871e+06
1.28475e+06
1.3306e+06
1.30602e+06
1.30726e+06
1.28701e+06
1.26505e+06
1.26249e+06
1.2528e+06
1.2522e+06
1.30773e+06
1.25307e+06
1.21684e+06
1.28359e+06
1.28424e+06
1.32563e+06
1.24942e+06
1.23818e+06
1.24746e+06
1.25601e+06
1.19597e+06
1.25796e+06
1.27546e+06
