2.09883e+06
1.8692e+06
1.7157e+06
1.58569e+06
1.5679e+06
1.46718e+06
1.56527e+06
1.38361e+06
1.41603e+06
1.44974e+06
1.35743e+06
1.26247e+06
1.24811e+06
1.23785e+06
1.24521e+06
1.26645e+06
1.24153e+06
1.18828e+06
1.24872e+06
1.20939e+06
1.40696e+06
1.24992e+06
1.13979e+06
1.21181e+06
1.06284e+06
1.1527e+06
1.23108e+06
1.32914e+06
1.2842e+06
1.18189e+06
1.05782e+06
1.12089e+06
1.09061e+06
1.32639e+06
1.19462e+06
943979
1.2471e+06
1.27072e+06
1.25007e+06
1.20637e+06
1.16337e+06
1.17787e+06
1.18457e+06
1.16357e+06
1.08266e+06
1.19989e+06
1.04075e+06
1.14315e+06
1.16278e+06
1.11698e+06
1.32869e+06
1.29103e+06
1.07743e+06
1.26055e+06
1.22451e+06
1.24988e+06
988611
1.07042e+06
1.17199e+06
970739
1.16795e+06
1.32711e+06
1.1607e+06
1.19172e+06
1.12929e+06
1.06535e+06
1.14659e+06
1.10942e+06
1.09555e+06
1.17831e+06
1.07228e+06
1.12524e+06
1.10479e+06
1.03643e+06
865275
963098
1.0393e+06
994673
1.13237e+06
1.03552e+06
1.15333e+06
1.13666e+06
1.11209e+06
1.13527e+06
1.23151e+06
1.12486e+06
1.10051e+06
1.06951e+06
1.16668e+06
1.04265e+06
939076
1.12102e+06
1.1659e+06
1.10762e+06
1.43314e+06
1.30577e+06
1.25596e+06
1.1098e+06
1.09205e+06
1.10074e+06
1.12277e+06
1.25217e+06
1.31554e+06
1.1788e+06
1.29964e+06
1.11811e+06
1.03683e+06
881313
990043
1.01784e+06
889344
933340
963209
934146
919552
1.44568e+06
1.50393e+06
1.30083e+06
1.24168e+06
1.27094e+06
1.35205e+06
1.25413e+06
993080
1.03103e+06
1.34387e+06
1.04335e+06
1.29355e+06
1.14654e+06
1.04961e+06
1.02203e+06
1.10725e+06
1.0188e+06
756165
1.08937e+06
1.08035e+06
1.06871e+06
1.09731e+06
1.14981e+06
1.22535e+06
1.16569e+06
1.29637e+06
1.4117e+06
1.4165e+06
1.14904e+06
1.10972e+06
867976
822477
981511
1.02421e+06
1.04071e+06
952592
1.2056e+06
1.39574e+06
1.20859e+06
1.11051e+06
1.08935e+06
1.18405e+06
1.22334e+06
1.19451e+06
970975
869903
811484
956014
1.06191e+06
984180
992863
1.1156e+06
1.07381e+06
929152
1.09278e+06
1.18742e+06
1.19346e+06
1.20479e+06
1.33549e+06
1.42435e+06
1.27136e+06
1.14409e+06
1.14262e+06
1.23325e+06
1.24835e+06
