2.17897e+06
1.99499e+06
1.85313e+06
1.58108e+06
1.56203e+06
1.50771e+06
1.49764e+06
1.54303e+06
1.51816e+06
1.4785e+06
1.46929e+06
1.46474e+06
1.45949e+06
1.47137e+06
1.41589e+06
1.42285e+06
1.41573e+06
1.38403e+06
1.36994e+06
1.34489e+06
1.32383e+06
1.26227e+06
1.30404e+06
1.3083e+06
1.26725e+06
1.26082e+06
1.24261e+06
1.24394e+06
1.26357e+06
1.17737e+06
1.21478e+06
1.12232e+06
1.15475e+06
1.19509e+06
1.18281e+06
1.18338e+06
1.17383e+06
1.18121e+06
1.17267e+06
1.21399e+06
1.11642e+06
1.14771e+06
1.22471e+06
1.15472e+06
1.13783e+06
1.15659e+06
1.0974e+06
1.16229e+06
1.23652e+06
1.13459e+06
1.11468e+06
1.13685e+06
1.14834e+06
1.18798e+06
1.16203e+06
1.17138e+06
1.10665e+06
1.17972e+06
1.07903e+06
1.05309e+06
1.10274e+06
1.09559e+06
1.17429e+06
1.07262e+06
1.08221e+06
1.17661e+06
1.0812e+06
1.02949e+06
1.02195e+06
977044
1.10074e+06
1.13609e+06
1.01296e+06
929144
980183
1.0677e+06
961435
983525
906301
972712
1.01374e+06
963350
930358
1.01391e+06
997236
927248
1.06051e+06
985652
970196
918209
919773
894688
945190
959202
932635
902025
1.05691e+06
959581
907912
927508
951875
913557
906468
926853
1.03811e+06
1.01758e+06
973990
996522
940542
998408
1.10989e+06
1.23462e+06
1.2241e+06
987894
1.02133e+06
971981
1.00596e+06
988039
954434
947513
958461
1.07531e+06
933982
980137
894094
940828
1.0504e+06
962032
907974
949105
977147
949606
908247
954137
911737
931034
1.05865e+06
978221
968694
981728
921225
977822
938710
931321
921708
964699
1.00031e+06
1.00941e+06
952425
1.03769e+06
964756
1.03413e+06
1.10983e+06
1.13674e+06
1.17676e+06
1.03455e+06
920133
970646
1.02988e+06
907891
1.00217e+06
924102
913803
913332
915927
963938
942701
1.00543e+06
917671
1.01735e+06
996331
971803
942047
948971
950114
1.00164e+06
919026
1.10286e+06
1.02871e+06
971867
