2.09179e+06
1.74777e+06
1.66617e+06
1.52715e+06
1.52282e+06
1.43565e+06
1.41605e+06
1.40719e+06
1.39066e+06
1.29968e+06
1.27472e+06
1.36127e+06
1.28496e+06
1.27845e+06
1.194e+06
1.18143e+06
1.1189e+06
1.14217e+06
1.13008e+06
1.08057e+06
1.06591e+06
1.09135e+06
1.08447e+06
1.05255e+06
1.11859e+06
1.07354e+06
1.06225e+06
1.02686e+06
1.02917e+06
1.03965e+06
1.00844e+06
1.0537e+06
998378
1.07036e+06
1.13673e+06
986599
1.03044e+06
1.03776e+06
1.02985e+06
1.14609e+06
1.01386e+06
990696
1.02373e+06
970206
1.02167e+06
1.01626e+06
1.00603e+06
1.12141e+06
968310
1.02179e+06
965348
1.07075e+06
973070
973229
909358
944794
1.04052e+06
1.02539e+06
932582
1.00748e+06
1.10225e+06
892209
1.0198e+06
1.04199e+06
900675
1.01783e+06
1.02129e+06
1.10533e+06
1.06037e+06
1.01467e+06
927470
1.01452e+06
1.21332e+06
972484
1.06958e+06
1.13739e+06
954006
1.1336e+06
1.06569e+06
1.07405e+06
1.13212e+06
986856
921101
948000
958484
1.20535e+06
919078
1.04757e+06
1.08264e+06
959601
948029
966707
1.00545e+06
863079
978606
815392
1.06018e+06
1.02795e+06
1.00027e+06
1.00459e+06
1.07845e+06
1.33049e+06
1.12165e+06
874767
885339
1.07967e+06
1.11457e+06
934539
865433
824588
992399
961204
1.00454e+06
1.03181e+06
958903
1.04622e+06
1.19897e+06
933011
943872
994459
1.02812e+06
1.11432e+06
981587
941687
1.18414e+06
969146
1.02627e+06
1.13807e+06
910928
1.04998e+06
911989
997406
903601
945135
788624
870708
989578
998015
818910
946676
1.01181e+06
930243
926848
972944
924471
950812
955783
989133
946004
945226
989033
1.11272e+06
898900
930225
900880
1.03788e+06
1.21879e+06
939613
954811
1.06268e+06
957591
1.14976e+06
1.10015e+06
1.13387e+06
1.23224e+06
1.17357e+06
903593
1.06339e+06
1.17843e+06
1.12756e+06
1.18518e+06
1.06471e+06
1.03719e+06
899430
957636
899811
889898
854630
965878
1.02048e+06
