5.37989e+06
4.71611e+06
3.96899e+06
3.4242e+06
3.04707e+06
2.54461e+06
2.25118e+06
1.91942e+06
1.74916e+06
1.4389e+06
1.3311e+06
1.08053e+06
933971
867386
792030
754571
712495
700210
671180
655420
663553
646793
630252
656116
640026
639212
618689
649575
611448
623720
629187
626038
631269
596502
618272
614649
598829
614674
588278
607561
601899
647523
576112
583875
590815
587231
626715
585070
573031
605998
599657
575862
631866
618688
599366
598694
571120
577775
597589
590511
596993
616049
600741
596976
596203
593039
598107
570251
573488
570579
563849
616734
599259
552473
567585
613036
576496
577930
569818
602266
601595
581582
604327
605261
563784
608087
615484
592266
581963
590452
552868
598547
590403
584717
559707
589707
587187
568338
579643
552571
