1.77602e+06
1.57789e+06
1.39593e+06
1.34526e+06
1.3003e+06
1.24026e+06
1.13436e+06
1.20545e+06
1.21666e+06
1.19856e+06
1.16602e+06
1.22566e+06
1.1948e+06
1.16284e+06
1.19833e+06
1.23146e+06
1.17681e+06
1.14798e+06
1.17633e+06
1.06932e+06
1.20494e+06
1.07666e+06
1.2809e+06
1.12506e+06
1.18595e+06
1.05326e+06
1.2034e+06
1.17147e+06
1.12643e+06
1.20961e+06
1.1257e+06
1.04297e+06
1.15143e+06
1.04137e+06
1.13789e+06
1.33308e+06
1.1635e+06
1.20247e+06
1.14861e+06
1.1301e+06
1.23491e+06
1.34236e+06
1.18561e+06
1.21397e+06
1.12445e+06
1.05267e+06
1.1955e+06
1.15364e+06
1.00508e+06
1.06572e+06
1.03638e+06
1.20187e+06
997210
1.08495e+06
1.00791e+06
997695
1.18111e+06
1.07301e+06
1.18747e+06
995117
1.06268e+06
1.02612e+06
1.18426e+06
1.10448e+06
1.18816e+06
1.14976e+06
1.06598e+06
1.34857e+06
1.23252e+06
1.19503e+06
1.12756e+06
1.19742e+06
1.12533e+06
1.22378e+06
1.24349e+06
1.08372e+06
1.11567e+06
867636
1.205e+06
1.09156e+06
1.08899e+06
930684
1.1988e+06
1.15319e+06
1.21804e+06
1.24137e+06
1.16584e+06
1.16495e+06
1.30931e+06
1.31366e+06
953517
1.05695e+06
1.21747e+06
1.20869e+06
1.14076e+06
996738
988569
1.17717e+06
1.25171e+06
1.15926e+06
1.33667e+06
1.08261e+06
1.23164e+06
1.16718e+06
1.23882e+06
1.1305e+06
1.1252e+06
1.12165e+06
1.12137e+06
1.22876e+06
1.0775e+06
1.038e+06
1.12019e+06
1.04273e+06
1.03891e+06
1.10167e+06
1.24524e+06
1.19095e+06
1.05331e+06
919128
892374
1.0617e+06
1.20736e+06
1.21124e+06
1.1417e+06
1.05307e+06
1.06277e+06
1.14043e+06
1.10973e+06
957336
1.25517e+06
1.02811e+06
948512
1.09722e+06
1.10165e+06
1.06119e+06
1.01694e+06
1.05428e+06
1.16874e+06
1.14519e+06
1.08279e+06
1.17841e+06
1.20024e+06
1.16172e+06
1.03435e+06
996755
1.11991e+06
1.073e+06
1.0693e+06
1.08622e+06
1.06343e+06
1.10663e+06
1.1274e+06
1.07226e+06
1.05808e+06
924774
1.02229e+06
1.19176e+06
1.09132e+06
1.18636e+06
1.09456e+06
1.07824e+06
1.08158e+06
955248
1.09149e+06
1.29525e+06
933801
1.06534e+06
1.12124e+06
1.26443e+06
1.30066e+06
981264
990908
1.16642e+06
1.04355e+06
1.21429e+06
1.02542e+06
1.153e+06
1.27619e+06
1.10532e+06
