1.8179e+06
1.78954e+06
1.68603e+06
1.57817e+06
1.60126e+06
1.56351e+06
1.52763e+06
1.53288e+06
1.46736e+06
1.41484e+06
1.42379e+06
1.40531e+06
1.37282e+06
1.38066e+06
1.33741e+06
1.28653e+06
1.28384e+06
1.20784e+06
1.19155e+06
1.13832e+06
1.20733e+06
1.12384e+06
1.17985e+06
1.15258e+06
1.13319e+06
1.15533e+06
1.15061e+06
1.11537e+06
1.13119e+06
1.09892e+06
1.11826e+06
1.0821e+06
1.0858e+06
1.12678e+06
1.23925e+06
1.15515e+06
1.17651e+06
1.16732e+06
1.16417e+06
1.14945e+06
1.45013e+06
1.15509e+06
1.13184e+06
1.19826e+06
1.0643e+06
1.06465e+06
1.15712e+06
972856
989623
1.09129e+06
1.14323e+06
1.04301e+06
1.06252e+06
957169
963562
936062
1.07612e+06
935685
1.00418e+06
917812
1.02417e+06
974698
992842
1.04576e+06
1.03066e+06
1.05321e+06
1.01529e+06
952979
1.06041e+06
967022
1.01706e+06
940044
1.11231e+06
999419
1.05106e+06
1.01052e+06
988358
990972
1.13172e+06
959838
976923
993616
889990
906541
940164
970407
937154
929757
979687
995975
974228
915344
915434
1.06472e+06
985956
992672
1.07007e+06
960819
995317
1.00112e+06
924804
964530
909727
936944
998097
947434
1.00071e+06
978138
924275
1.04855e+06
1.08259e+06
954284
988605
996729
959676
919847
937867
1.01159e+06
979840
940009
1.02425e+06
1.08625e+06
1.04641e+06
1.08621e+06
1.12319e+06
1.17765e+06
1.06346e+06
1.02247e+06
978885
917679
949603
1.02234e+06
1.03372e+06
1.05787e+06
972753
964011
1.02528e+06
976720
972440
990433
1.14647e+06
1.00388e+06
889081
903676
901582
892256
953426
1.02267e+06
965202
941600
1.00203e+06
1.04073e+06
1.06114e+06
1.05499e+06
1.02079e+06
945385
964344
1.06416e+06
951423
925278
932491
967403
929943
1.00517e+06
1.12145e+06
941946
927089
1.04657e+06
979212
1.00336e+06
931715
981277
1.03105e+06
954508
966856
1.00983e+06
930646
970631
991002
958262
