1.8837e+06
1.59046e+06
1.44933e+06
1.29243e+06
1.25199e+06
1.25103e+06
1.23036e+06
1.15026e+06
1.08924e+06
1.18605e+06
1.07438e+06
1.03205e+06
1.0576e+06
1.05123e+06
1.05824e+06
1.0083e+06
992732
929262
942763
998437
1.09359e+06
1.05177e+06
1.08737e+06
922236
1.00517e+06
1.0456e+06
1.03175e+06
1.02837e+06
1.11429e+06
936076
958542
925649
972435
887462
855646
1.11282e+06
879594
813250
1.02074e+06
983951
1.06925e+06
1.00545e+06
1.00764e+06
961119
968556
938108
972372
858309
1.00349e+06
1.01099e+06
979972
956299
874140
908215
1.08694e+06
968997
1.01585e+06
1.06679e+06
934206
980340
920410
1.04102e+06
1.00533e+06
1.00992e+06
953267
959254
959349
924867
1.1236e+06
1.1714e+06
1.16857e+06
994632
976632
1.04351e+06
1.04072e+06
974243
933529
1.04849e+06
993055
1.01376e+06
1.03722e+06
1.02202e+06
1.06545e+06
903710
919227
849580
976283
1.0409e+06
889271
859111
908771
1.00055e+06
1.0475e+06
1.16352e+06
995427
964368
981180
1.11688e+06
958066
916767
923649
786201
892168
997631
938717
971283
931619
1.04684e+06
1.02442e+06
962437
889305
923192
995522
852324
1.01547e+06
1.0285e+06
907442
968530
954503
1.04069e+06
1.19083e+06
1.02291e+06
987583
992904
926972
1.1568e+06
1.11567e+06
1.16432e+06
1.03262e+06
997853
1.09888e+06
1.10821e+06
852966
910752
1.12517e+06
1.1893e+06
963062
947768
1.06545e+06
908092
999519
1.08794e+06
987310
941498
961950
946728
919712
943605
945561
1.1281e+06
1.14424e+06
1.15214e+06
1.06423e+06
1.00739e+06
957887
913434
932078
899643
1.09159e+06
1.05138e+06
933723
970893
1.04457e+06
936408
985908
860658
959498
1.07597e+06
1.05004e+06
988758
938597
1.06851e+06
1.14957e+06
1.13604e+06
1.1481e+06
1.07216e+06
1.01226e+06
1.06427e+06
1.19158e+06
1.02103e+06
