5.43404e+06
4.97135e+06
4.36023e+06
3.85702e+06
3.28135e+06
2.80817e+06
2.57345e+06
2.04716e+06
1.81289e+06
1.49819e+06
1.27706e+06
1.02138e+06
910520
878750
805747
774369
730497
713764
685277
677198
669784
652460
637694
651934
648765
665449
615126
652759
631146
616224
641577
607669
627722
592244
617522
619989
602572
605033
596629
623766
608472
659854
574609
587322
625919
601366
612682
597035
568112
599056
592473
600728
608737
591241
591462
618998
573461
583627
588952
593476
605807
617600
596915
590031
566098
587985
604892
566271
584671
567858
584178
577192
572233
569098
570127
596402
593880
574578
594117
601527
570604
585887
592762
570830
549054
574706
598590
587412
589398
589528
554358
569153
586892
595074
583843
580813
576769
589355
576527
592866
