5.4227e+06
4.90818e+06
4.25753e+06
3.54263e+06
3.18311e+06
2.66772e+06
2.41005e+06
1.85919e+06
1.59197e+06
1.32618e+06
1.16402e+06
951654
861855
808621
753204
749058
699875
691757
650539
675601
669455
641864
622261
652086
632345
651269
634616
656163
625267
598784
614914
613248
608262
587488
597460
598630
588294
620865
588965
613660
593290
635514
580501
617447
622385
616532
602682
585634
561745
613131
598371
599295
614676
604542
594902
612630
568393
582077
590455
603741
591047
611986
607644
599875
590417
590231
589192
565332
588056
560816
581518
601554
590825
577288
573948
594318
568586
579975
566776
573157
580017
595180
597165
605849
560444
584377
575001
583431
576430
603890
585700
608273
571500
575962
555562
564820
582868
585811
559480
580248
