1.76157e+06
1.70215e+06
1.64047e+06
1.48628e+06
1.35599e+06
1.34641e+06
1.26164e+06
1.24506e+06
1.12443e+06
1.14905e+06
1.15329e+06
1.16118e+06
1.11856e+06
1.16346e+06
1.11671e+06
1.09903e+06
1.14866e+06
1.12126e+06
1.1857e+06
1.18374e+06
1.12615e+06
1.09064e+06
1.18811e+06
1.13812e+06
1.09482e+06
1.02952e+06
1.03795e+06
1.09603e+06
1.05063e+06
1.03997e+06
1.05237e+06
974677
955066
939272
995357
945444
913479
979925
1.04926e+06
926728
1.01427e+06
993274
1.03567e+06
1.0903e+06
920830
998242
934645
1.06031e+06
1.1087e+06
1.0647e+06
991431
949051
986480
978026
1.07783e+06
993445
911564
907803
999182
961348
913654
1.00654e+06
1.08975e+06
1.0903e+06
1.00934e+06
854075
1.01861e+06
1.02571e+06
948759
940175
925700
930962
942753
1.13577e+06
1.11708e+06
1.07316e+06
1.19805e+06
1.04691e+06
965530
1.01827e+06
988628
854373
820453
971505
1.03239e+06
879024
1.0198e+06
1.06192e+06
1.03934e+06
963070
1.01326e+06
922033
856311
903180
867354
1.03496e+06
1.10405e+06
996967
1.02318e+06
1.03341e+06
1.01522e+06
950688
991067
1.11743e+06
1.03237e+06
975255
897295
1.01104e+06
933578
1.00649e+06
926883
982491
1.11506e+06
1.02161e+06
931260
875561
996787
1.12825e+06
1.02337e+06
983806
966434
1.03189e+06
931235
880631
821017
962528
974406
915183
969604
916689
924356
1.02799e+06
941642
993287
972845
1.13848e+06
999843
906994
1.11716e+06
928378
958234
975143
959329
913410
1.02002e+06
1.15626e+06
1.12758e+06
958992
1.08077e+06
1.00096e+06
1.09422e+06
1.04054e+06
1.04866e+06
1.08631e+06
1.17825e+06
1.19357e+06
1.21551e+06
1.17734e+06
969757
905365
991391
983636
1.00089e+06
933446
897401
972784
1.00581e+06
1.02809e+06
1.01047e+06
919511
965863
1.08918e+06
1.0514e+06
1.00637e+06
941175
956832
1.1479e+06
1.03968e+06
958649
826569
