1.91944e+06
1.68626e+06
1.52144e+06
1.43994e+06
1.42839e+06
1.39522e+06
1.38031e+06
1.38687e+06
1.32184e+06
1.359e+06
1.35711e+06
1.37165e+06
1.37278e+06
1.31431e+06
1.34178e+06
1.31704e+06
1.31433e+06
1.32482e+06
1.33955e+06
1.33516e+06
1.28857e+06
1.28246e+06
1.24542e+06
1.19689e+06
1.2168e+06
1.15013e+06
1.12249e+06
1.12121e+06
1.13653e+06
1.1467e+06
1.07226e+06
1.06929e+06
1.05609e+06
1.03699e+06
1.01911e+06
1.03616e+06
988910
1.00146e+06
1.00095e+06
976331
960283
1.0084e+06
996054
975388
954890
953308
948552
1.05103e+06
971295
976156
977861
983849
1.02724e+06
957000
925046
974904
1.02876e+06
1.02958e+06
959208
976044
971748
937724
956757
958494
991770
974546
923706
1.00862e+06
1.02258e+06
994300
1.00181e+06
1.00291e+06
1.07144e+06
1.0418e+06
933674
956824
1.02072e+06
1.02054e+06
1.0376e+06
1.03386e+06
1.00121e+06
1.02426e+06
979535
971312
1.0233e+06
1.02574e+06
984268
968749
962687
974709
1.04489e+06
998533
941011
1.1021e+06
996762
989416
986973
992974
956321
989601
1.03462e+06
1.08448e+06
1.04492e+06
979445
942474
1.00046e+06
944697
945130
943368
960356
986467
971647
926045
938378
916808
968882
925612
917034
902152
913973
978956
930521
930572
944510
1.00653e+06
1.01516e+06
926453
1.00066e+06
956075
984675
967481
922963
963679
1.00091e+06
960087
970266
1.00722e+06
984817
1.00427e+06
1.02685e+06
1.06982e+06
1.02969e+06
980420
933850
894849
921256
919818
921156
920626
953500
971435
1.03276e+06
999099
1.0162e+06
938860
920325
1.02316e+06
924367
913408
912206
913766
1.01255e+06
913303
949965
958175
980943
1.00378e+06
1.01551e+06
924673
897205
889325
991892
994871
937738
940705
941802
960219
977546
940621
970831
974017
940664
953227
909230
1.02902e+06
1.02467e+06
953082
1.02495e+06
911034
924151
919700
937125
939736
960156
914202
1.0273e+06
914357
941251
927726
958761
996990
933854
906670
949189
944268
932028
973929
925393
906184
902032
926874
948532
951348
978908
1.00118e+06
983119
995840
975127
947526
936182
