66 246 41.9205 -87.6586 0
72 395 41.9719 -87.6703 1
89 876 41.9457 -87.6591 1
210 745 41.9202 -87.707 1
318 1147 42.0535 -87.7312 1
348 834 41.9265 -87.7117 1
349 672 41.9966 -87.7069 1
377 790 41.9525 -87.6638 1
395 618 41.9618 -87.723 1
402 1351 41.9885 -87.7452 1
438 920 41.9064 -87.6896 1
476 973 41.915 -87.6861 1
498 1510 41.9331 -87.6866 1
503 852 41.9666 -87.7105 1
517 1070 41.9332 -87.7381 1
577 1101 41.9591 -87.6692 1
589 1156 41.9745 -87.7639 1
615 943 41.9608 -87.7417 1
633 1052 41.8932 -87.6756 1
703 883 41.947 -87.6895 0
721 921 41.971 -87.7367 1
794 1195 41.9241 -87.711 1
809 1434 41.9619 -87.6637 1
809 1594 41.9882 -87.7382 1
812 1502 41.8923 -87.6752 1
818 1482 41.9524 -87.7308 1
829 1426 41.9363 -87.7213 1
879 1683 41.9303 -87.7031 1
890 1340 41.9467 -87.6592 1
902 1279 41.9052 -87.6859 1
903 1252 41.9783 -87.6696 1
914 1373 41.9289 -87.7183 1
952 1664 41.9804 -87.6994 1
957 1362 42.0284 -87.7197 1
981 1521 41.8998 -87.6747 1
1004 1685 41.98 -87.7495 1
1015 1591 41.961 -87.6789 1
1043 1223 41.9287 -87.7006 0
1049 1293 42.0039 -87.7203 1
1065 1245 41.9307 -87.7049 0
1068 1248 41.9119 -87.7137 0
1110 2051 41.9683 -87.6901 1
1121 1883 41.9177 -87.6942 1
1124 2094 41.9573 -87.7044 1
1167 1347 41.921 -87.7112 0
1180 1557 41.9742 -87.6778 1
1257 1800 41.9562 -87.7203 1
1307 2405 41.9781 -87.7588 1
1308 2132 41.9522 -87.6989 1
1346 2046 41.9722 -87.683 1
1375 2007 41.9129 -87.6885 1
1380 2221 41.9563 -87.7081 1
1382 1963 41.977 -87.6941 1
1383 1915 41.9294 -87.6682 1
1397 1577 41.9797 -87.7745 0
1406 1586 41.9884 -87.7548 0
1446 1626 41.9546 -87.7355 0
1473 1810 42.0085 -87.6973 1
1479 2153 41.9746 -87.6867 1
1485 1665 41.9651 -87.744 0
1541 2439 41.9758 -87.7027 1
1553 1733 41.9624 -87.7661 0
1573 2410 41.8769 -87.6973 1
1619 1799 41.9707 -87.7549 0
1620 2543 41.9257 -87.6869 1
1627 1807 41.9683 -87.7143 0
1630 2184 41.9214 -87.6784 1
1659 1839 41.9725 -87.7537 0
1676 2167 41.9896 -87.7342 1
1690 2324 41.9759 -87.6874 1
1701 2162 41.9307 -87.6684 1
1707 2527 41.9693 -87.7412 1
1725 1905 41.9734 -87.7147 0
1748 2598 42.0103 -87.731 1
1792 2421 41.9145 -87.7086 1
1856 2922 42.0641 -87.7081 1
1958 2608 42.0245 -87.6964 1
1961 2557 41.9697 -87.6792 1
1987 2717 41.9476 -87.7323 1
2023 2618 42.0454 -87.6964 1
2037 2801 41.9848 -87.7183 1
2042 2222 41.9757 -87.7126 0
2057 2572 41.9352 -87.7111 1
2081 2663 41.9858 -87.6731 1
2094 3006 41.9727 -87.7196 1
2097 2542 41.897 -87.6645 1
2098 2563 42.003 -87.7003 1
2115 2295 41.9642 -87.7181 0
2115 2295 41.9623 -87.7254 0
2173 2858 41.9848 -87.6699 1
2206 2393 41.9311 -87.6716 1
2365 2961 42.0097 -87.7365 1
2367 2810 42.0251 -87.7306 1
2368 2852 42.0411 -87.701 1
2387 2567 41.9671 -87.7625 0
2409 3168 41.9473 -87.6949 1
2422 2939 41.9343 -87.7026 1
2429 3166 42.0412 -87.6861 1
2461 3041 41.9615 -87.678 1
2467 3281 41.8716 -87.6837 1
2478 3251 41.9394 -87.7395 1
2497 3072 41.9966 -87.6555 1
2515 3385 41.93 -87.6988 1
2521 2701 41.9408 -87.7318 0
2523 3462 41.837 -87.6438 1
2587 3304 41.9371 -87.6855 1
2617 2797 42.0278 -87.7197 0
2634 3473 41.9166 -87.6948 1
2637 3539 41.9578 -87.765 1
2654 3887 42.0679 -87.7099 1
2667 3878 42.015 -87.7357 1
2675 3413 41.9791 -87.7112 1
2682 3591 41.9719 -87.6914 1
2711 3251 41.9614 -87.6836 1
2779 3238 41.9747 -87.6791 1
2815 3312 42.0211 -87.6902 1
2856 3596 41.9647 -87.705 1
2892 3072 41.9725 -87.7135 0
2906 3329 41.9865 -87.6567 1
2912 3092 41.9512 -87.7367 0
2940 3625 41.9716 -87.6841 1
2965 3154 41.9959 -87.724 1
3002 3182 41.9665 -87.7176 0
3062 3242 41.9859 -87.778 0
3080 3334 41.9343 -87.6732 1
3089 4263 41.9899 -87.7456 1
3098 3528 41.9209 -87.7184 1
3107 3375 41.9997 -87.7143 1
3109 3458 41.9843 -87.6718 1
3144 3620 41.999 -87.7009 1
3144 3590 41.9302 -87.6538 1
3229 3615 41.9254 -87.717 1
3251 3515 41.9627 -87.7291 1
3255 3769 41.892 -87.6705 1
3289 3900 41.9285 -87.6753 1
3322 4096 41.9852 -87.7187 1
3355 3535 41.987 -87.7649 0
3397 3841 41.9796 -87.6828 1
3407 3587 41.9703 -87.6939 0
3429 3609 41.9784 -87.7161 0
3430 4586 41.9582 -87.6676 1
3460 3924 41.9804 -87.7149 1
3461 4180 41.9372 -87.7318 1
3474 4283 41.9577 -87.6918 1
3475 4289 41.9636 -87.7108 1
3494 4626 41.8925 -87.6599 1
3592 4102 42.0428 -87.6944 1
