132 395 41.9823 -87.668 41.9719 -87.6703
649 876 41.9388 -87.6657 41.9457 -87.6591
330 745 41.9359 -87.7146 41.9202 -87.707
404 1147 42.0272 -87.7165 42.0535 -87.7312
563 834 41.9359 -87.7146 41.9265 -87.7117
520 672 41.9995 -87.7134 41.9966 -87.7069
474 790 41.9388 -87.6657 41.9525 -87.6638
415 618 41.9693 -87.7279 41.9618 -87.723
395 674 41.9719 -87.6703 41.9823 -87.668
663 1351 41.9995 -87.7134 41.9885 -87.7452
570 920 41.8983 -87.6763 41.9064 -87.6896
569 973 41.8983 -87.6763 41.915 -87.6861
1092 1510 41.9388 -87.6657 41.9331 -87.6866
502 852 41.9693 -87.7279 41.9666 -87.7105
585 1070 41.9359 -87.7146 41.9332 -87.7381
661 1101 41.9388 -87.6657 41.9591 -87.6692
581 1156 41.9693 -87.7279 41.9745 -87.7639
593 943 41.9693 -87.7279 41.9608 -87.7417
918 1052 41.8983 -87.6763 41.8932 -87.6756
618 917 41.9618 -87.723 41.9693 -87.7279
672 855 41.9966 -87.7069 41.9995 -87.7134
723 921 41.9693 -87.7279 41.971 -87.7367
876 1195 41.9359 -87.7146 41.9241 -87.711
745 1389 41.9202 -87.707 41.9359 -87.7146
790 1184 41.9525 -87.6638 41.9388 -87.6657
978 1434 41.9823 -87.668 41.9619 -87.6637
1021 1594 41.9995 -87.7134 41.9882 -87.7382
1347 1502 41.8983 -87.6763 41.8923 -87.6752
1051 1482 41.9693 -87.7279 41.9524 -87.7308
1161 1426 41.9359 -87.7146 41.9363 -87.7213
1389 1683 41.9359 -87.7146 41.9303 -87.7031
834 1128 41.9265 -87.7117 41.9359 -87.7146
852 1292 41.9666 -87.7105 41.9693 -87.7279
876 1103 41.9457 -87.6591 41.9388 -87.6657
1094 1340 41.9388 -87.6657 41.9467 -87.6592
993 1279 41.8983 -87.6763 41.9052 -87.6859
1125 1252 41.9823 -87.668 41.9783 -87.6696
1128 1373 41.9359 -87.7146 41.9289 -87.7183
1173 1664 41.9995 -87.7134 41.9804 -87.6994
920 1444 41.9064 -87.6896 41.8983 -87.6763
921 1133 41.971 -87.7367 41.9693 -87.7279
943 1406 41.9608 -87.7417 41.9693 -87.7279
1216 1362 42.0272 -87.7165 42.0284 -87.7197
1444 1521 41.8983 -87.6763 41.8998 -87.6747
973 1483 41.915 -87.6861 41.8983 -87.6763
1133 1685 41.9693 -87.7279 41.98 -87.7495
1103 1591 41.9388 -87.6657 41.961 -87.6789
1103 1293 41.9995 -87.7134 42.0039 -87.7203
1052 1291 41.8932 -87.6756 41.8983 -87.6763
1515 2051 41.9693 -87.7279 41.9683 -87.6901
1070 1577 41.9332 -87.7381 41.9359 -87.7146
1101 1590 41.9591 -87.6692 41.9388 -87.6657
1353 1883 41.8983 -87.6763 41.9177 -87.6942
1577 2094 41.9359 -87.7146 41.9573 -87.7044
1147 1914 42.0535 -87.7312 42.0272 -87.7165
1156 1871 41.9745 -87.7639 41.9693 -87.7279
1244 1557 41.9823 -87.668 41.9742 -87.6778
1406 1800 41.9693 -87.7279 41.9562 -87.7203
1195 1635 41.9241 -87.711 41.9359 -87.7146
1252 1395 41.9783 -87.6696 41.9823 -87.668
1871 2405 41.9693 -87.7279 41.9781 -87.7588
1279 1854 41.9052 -87.6859 41.8983 -87.6763
1293 1571 42.0039 -87.7203 41.9995 -87.7134
1635 2132 41.9359 -87.7146 41.9522 -87.6989
1493 2046 41.9823 -87.668 41.9722 -87.683
1340 1675 41.9467 -87.6592 41.9388 -87.6657
1483 2007 41.8983 -87.6763 41.9129 -87.6885
1351 2068 41.9885 -87.7452 41.9995 -87.7134
1362 1545 42.0284 -87.7197 42.0272 -87.7165
1373 1771 41.9289 -87.7183 41.9359 -87.7146
1771 2221 41.9359 -87.7146 41.9563 -87.7081
1499 1963 41.9823 -87.668 41.977 -87.6941
1706 1915 41.9388 -87.6657 41.9294 -87.6682
1426 1916 41.9363 -87.7213 41.9359 -87.7146
1434 1930 41.9619 -87.6637 41.9823 -87.668
1477 1810 42.0099 -87.6744 42.0085 -87.6973
1707 2153 41.9823 -87.668 41.9746 -87.6867
1482 1920 41.9524 -87.7308 41.9693 -87.7279
1920 2439 41.9693 -87.7279 41.9758 -87.7027
1502 1712 41.8923 -87.6752 41.8983 -87.6763
1510 1968 41.9331 -87.6866 41.9388 -87.6657
1521 1721 41.8998 -87.6747 41.8983 -87.6763
1712 2410 41.8983 -87.6763 41.8769 -87.6973
1557 2099 41.9742 -87.6778 41.9823 -87.668
1591 2146 41.961 -87.6789 41.9388 -87.6657
1594 2263 41.9882 -87.7382 41.9995 -87.7134
1946 2543 41.9388 -87.6657 41.9257 -87.6869
1721 2184 41.8983 -87.6763 41.9214 -87.6784
1711 2167 41.9995 -87.7134 41.9896 -87.7342
1664 2203 41.9804 -87.6994 41.9995 -87.7134
1930 2324 41.9823 -87.668 41.9759 -87.6874
1683 2010 41.9303 -87.7031 41.9359 -87.7146
1685 2300 41.98 -87.7495 41.9693 -87.7279
1906 2162 41.9388 -87.6657 41.9307 -87.6684
2300 2527 41.9693 -87.7279 41.9693 -87.7412
2121 2598 41.9995 -87.7134 42.0103 -87.731
1916 2421 41.9359 -87.7146 41.9145 -87.7086
2138 2922 42.0272 -87.7165 42.0641 -87.7081
1800 2241 41.9562 -87.7203 41.9693 -87.7279
1810 2184 42.0085 -87.6973 42.0099 -87.6744
2277 2608 42.0272 -87.7165 42.0245 -87.6964
1883 2452 41.9177 -87.6942 41.8983 -87.6763
1915 2244 41.9294 -87.6682 41.9388 -87.6657
2099 2557 41.9823 -87.668 41.9697 -87.6792
2241 2717 41.9693 -87.7279 41.9476 -87.7323
1963 2477 41.977 -87.6941 41.9823 -87.668
2027 2618 42.0272 -87.7165 42.0454 -87.6964
2007 2593 41.9129 -87.6885 41.8983 -87.6763
2365 2801 41.9995 -87.7134 41.9848 -87.7183
2451 2572 41.9359 -87.7146 41.9352 -87.7111
2046 2730 41.9722 -87.683 41.9823 -87.668
2051 2792 41.9683 -87.6901 41.9693 -87.7279
2477 2663 41.9823 -87.668 41.9858 -87.6731
2792 3006 41.9693 -87.7279 41.9727 -87.7196
2094 2704 41.9573 -87.7044 41.9359 -87.7146
2198 2542 41.8983 -87.6763 41.897 -87.6645
2236 2563 41.9995 -87.7134 42.003 -87.7003
2730 2858 41.9823 -87.668 41.9848 -87.6699
2132 2707 41.9522 -87.6989 41.9359 -87.7146
2153 2630 41.9746 -87.6867 41.9823 -87.668
2162 2450 41.9307 -87.6684 41.9388 -87.6657
2167 2693 41.9896 -87.7342 41.9995 -87.7134
2173 2393 41.9388 -87.6657 41.9311 -87.6716
2184 2656 41.9214 -87.6784 41.8983 -87.6763
2337 2961 41.9995 -87.7134 42.0097 -87.7365
2221 2720 41.9563 -87.7081 41.9359 -87.7146
2324 2769 41.9759 -87.6874 41.9823 -87.668
2467 2810 42.0272 -87.7165 42.0251 -87.7306
2397 2852 42.0272 -87.7165 42.0411 -87.701
2719 3168 41.9359 -87.7146 41.9473 -87.6949
2393 2715 41.9311 -87.6716 41.9388 -87.6657
2405 2958 41.9781 -87.7588 41.9693 -87.7279
2707 2939 41.9359 -87.7146 41.9343 -87.7026
2410 3114 41.8769 -87.6973 41.8983 -87.6763
2421 3023 41.9145 -87.7086 41.9359 -87.7146
2509 3166 42.0099 -87.6744 42.0412 -87.6861
2531 3041 41.9388 -87.6657 41.9615 -87.678
2439 3003 41.9758 -87.7027 41.9693 -87.7279
2678 3281 41.8983 -87.6763 41.8716 -87.6837
2720 3251 41.9359 -87.7146 41.9394 -87.7395
2630 3072 41.9823 -87.668 41.9966 -87.6555
3023 3385 41.9359 -87.7146 41.93 -87.6988
2575 3462 41.874 -87.6312 41.837 -87.6438
2962 3304 41.9388 -87.6657 41.9371 -87.6855
2527 2762 41.9693 -87.7412 41.9693 -87.7279
2542 2931 41.897 -87.6645 41.8983 -87.6763
2543 3237 41.9257 -87.6869 41.9388 -87.6657
2557 3182 41.9697 -87.6792 41.9823 -87.668
2563 3007 42.003 -87.7003 41.9995 -87.7134
2572 2789 41.9352 -87.7111 41.9359 -87.7146
2598 3306 42.0103 -87.731 41.9995 -87.7134
2608 3004 42.0245 -87.6964 42.0272 -87.7165
2932 3473 41.8983 -87.6763 41.9166 -87.6948
2618 3300 42.0454 -87.6964 42.0272 -87.7165
2762 3539 41.9693 -87.7279 41.9578 -87.765
3004 3887 42.0272 -87.7165 42.0679 -87.7099
3300 3878 42.0272 -87.7165 42.015 -87.7357
2663 2873 41.9858 -87.6731 41.9823 -87.668
2958 3413 41.9693 -87.7279 41.9791 -87.7112
3003 3591 41.9693 -87.7279 41.9719 -87.6914
2735 3251 41.9388 -87.6657 41.9614 -87.6836
2917 3238 41.9823 -87.668 41.9747 -87.6791
2717 3199 41.9476 -87.7323 41.9693 -87.7279
2901 3312 42.0099 -87.6744 42.0211 -87.6902
2801 3253 41.9848 -87.7183 41.9995 -87.7134
2810 3226 42.0251 -87.7306 42.0272 -87.7165
3199 3596 41.9693 -87.7279 41.9647 -87.705
2852 3341 42.0411 -87.701 42.0272 -87.7165
2858 3018 41.9848 -87.6699 41.9823 -87.668
3049 3329 41.9823 -87.668 41.9865 -87.6567
3179 3625 41.9823 -87.668 41.9716 -87.6841
2922 3812 42.0641 -87.7081 42.0272 -87.7165
2939 3323 41.9343 -87.7026 41.9359 -87.7146
2942 3154 41.9995 -87.7134 41.9959 -87.724
2961 3669 42.0097 -87.7365 41.9995 -87.7134
3006 3369 41.9727 -87.7196 41.9693 -87.7279
3041 3571 41.9615 -87.678 41.9388 -87.6657
3149 3334 41.9388 -87.6657 41.9343 -87.6732
3072 3535 41.9966 -87.6555 41.9823 -87.668
3575 4263 41.9995 -87.7134 41.9899 -87.7456
3133 3528 41.9359 -87.7146 41.9209 -87.7184
3344 3375 41.9995 -87.7134 41.9997 -87.7143
3312 3458 41.9823 -87.668 41.9843 -87.6718
3306 3620 41.9995 -87.7134 41.999 -87.7009
3317 3590 41.9388 -87.6657 41.9302 -87.6538
3323 3615 41.9359 -87.7146 41.9254 -87.717
3154 3378 41.9959 -87.724 41.9995 -87.7134
3166 3838 42.0412 -87.6861 42.0099 -87.6744
3168 3645 41.9473 -87.6949 41.9359 -87.7146
3369 3515 41.9693 -87.7279 41.9627 -87.7291
3238 3668 41.9747 -87.6791 41.9823 -87.668
3251 4081 41.9614 -87.6836 41.9388 -87.6657
3251 3813 41.9394 -87.7395 41.9359 -87.7146
3543 3769 41.8983 -87.6763 41.892 -87.6705
3571 3900 41.9388 -87.6657 41.9285 -87.6753
3281 3928 41.8716 -87.6837 41.8983 -87.6763
3657 4096 41.9995 -87.7134 41.9852 -87.7187
3304 3648 41.9371 -87.6855 41.9388 -87.6657
3312 3860 42.0211 -87.6902 42.0099 -87.6744
3329 3667 41.9865 -87.6567 41.9823 -87.668
3334 3582 41.9343 -87.6732 41.9388 -87.6657
3562 3841 41.9823 -87.668 41.9796 -87.6828
3375 3529 41.9997 -87.7143 41.9995 -87.7134
3385 3803 41.93 -87.6988 41.9359 -87.7146
3413 3897 41.9791 -87.7112 41.9693 -87.7279
4183 4586 41.9388 -87.6657 41.9582 -87.6676
3529 3924 41.9995 -87.7134 41.9804 -87.7149
3458 3688 41.9843 -87.6718 41.9823 -87.668
3763 4180 41.9359 -87.7146 41.9372 -87.7318
3648 4283 41.9388 -87.6657 41.9577 -87.6918
3462 4447 41.837 -87.6438 41.874 -87.6312
3473 4023 41.9166 -87.6948 41.8983 -87.6763
3897 4289 41.9693 -87.7279 41.9636 -87.7108
4264 4626 41.8983 -87.6763 41.8925 -87.6599
3529 4102 42.0272 -87.7165 42.0428 -87.6944
3515 3708 41.9627 -87.7291 41.9693 -87.7279
3528 3927 41.9209 -87.7184 41.9359 -87.7146
3539 4433 41.9578 -87.765 41.9693 -87.7279
3590 3997 41.9302 -87.6538 41.9388 -87.6657
3591 4204 41.9719 -87.6914 41.9693 -87.7279
3596 4018 41.9647 -87.705 41.9693 -87.7279
3615 3947 41.9254 -87.717 41.9359 -87.7146
3620 3987 41.999 -87.7009 41.9995 -87.7134
3625 4135 41.9716 -87.6841 41.9823 -87.668
3769 4075 41.892 -87.6705 41.8983 -87.6763
3841 4137 41.9796 -87.6828 41.9823 -87.668
3878 4505 42.015 -87.7357 42.0272 -87.7165
3887 4928 42.0679 -87.7099 42.0272 -87.7165
3900 4338 41.9285 -87.6753 41.9388 -87.6657
3924 4446 41.9804 -87.7149 41.9995 -87.7134
4096 4838 41.9852 -87.7187 41.9995 -87.7134
4102 4772 42.0428 -87.6944 42.0272 -87.7165
4180 4666 41.9372 -87.7318 41.9359 -87.7146
4263 4990 41.9899 -87.7456 41.9995 -87.7134
4283 4959 41.9577 -87.6918 41.9388 -87.6657
4289 4751 41.9636 -87.7108 41.9693 -87.7279
4586 5303 41.9582 -87.6676 41.9388 -87.6657
4626 4993 41.8925 -87.6599 41.8983 -87.6763
