TotalCosts RejectionRate 
6.35603e+06 0.921143
4.64932e+06 0.999176
4.65341e+06 0.999304
4.66556e+06 0.999352
4.64603e+06 0.999378
4.6651e+06 0.999381
4.6579e+06 0.99938
4.65969e+06 0.999374
4.64707e+06 0.999402
4.65693e+06 0.999397
4.67504e+06 0.999399
4.64267e+06 0.999378
4.66161e+06 0.999409
4.66406e+06 0.99941
4.65102e+06 0.99942
4.66626e+06 0.999416
4.67698e+06 0.999417
4.6707e+06 0.999422
4.64802e+06 0.999407
4.69028e+06 0.999424
4.65472e+06 0.99942
4.6828e+06 0.9994
4.6679e+06 0.999422
4.64944e+06 0.999413
4.65194e+06 0.99942
4.66689e+06 0.999416
4.69063e+06 0.999424
4.64762e+06 0.999419
4.67135e+06 0.999422
4.65861e+06 0.99942
4.6679e+06 0.999416
4.65348e+06 0.99942
4.65511e+06 0.999409
4.67518e+06 0.999417
4.66449e+06 0.999421
4.69206e+06 0.999425
4.65885e+06 0.999421
4.66701e+06 0.999416
4.66606e+06 0.999421
4.65164e+06 0.99942
4.6555e+06 0.999408
4.65364e+06 0.99942
4.6777e+06 0.998638
4.64597e+06 0.999419
4.65129e+06 0.99942
4.6643e+06 0.999421
4.6804e+06 0.999423
4.65828e+06 0.99942
4.65464e+06 0.99942
4.67591e+06 0.999423
4.66884e+06 0.999422
4.66606e+06 0.999421
4.6616e+06 0.999421
4.67564e+06 0.999423
4.6625e+06 0.999421
4.67629e+06 0.999423
4.67003e+06 0.999422
4.67751e+06 0.999423
4.67699e+06 0.999423
4.66568e+06 0.999421
4.67934e+06 0.999423
4.6795e+06 0.999423
4.66652e+06 0.999421
4.66015e+06 0.999421
4.67316e+06 0.999422
4.63331e+06 0.999417
4.66557e+06 0.999421
4.65934e+06 0.999421
4.671e+06 0.999422
4.66752e+06 0.999421
4.66417e+06 0.999421
4.6524e+06 0.99942
4.66376e+06 0.999421
4.66984e+06 0.999422
4.67065e+06 0.999422
4.6518e+06 0.99942
4.66244e+06 0.999421
4.64775e+06 0.999419
4.66873e+06 0.999422
4.66333e+06 0.999421
